0.10413161759197 0.05302377495728 0.645959134044981 0.110738104808921 0.0861473685968486
0.109626181678583 0.0562407025289121 0.652958395316474 0.104683526080906 0.0764911943951245
0.114622319473788 0.0569576853967678 0.655512354798286 0.0993466832847973 0.0735609570463606
0.1106854434999 0.0572618127031995 0.65723008575499 0.101338291044741 0.0734843669971694
0.100788747620658 0.0524516338698873 0.643726330939069 0.117233563474535 0.0857997240958502
0.0930086449207975 0.04984634312374 0.632855158555796 0.122003428587918 0.102286424811749
0.110495262335077 0.0542158486366515 0.650150007201869 0.10240072005249 0.0827381617739133
0.103779090629659 0.0533963610562334 0.644929053189458 0.111075122780839 0.0868203723438107
0.104165301982957 0.0535496141536375 0.643563002419081 0.109179293582252 0.0895427878620721
0.1059072951704 0.0541776406253305 0.648660119312052 0.103089764337543 0.0881651805546741
0.11219886373508 0.0556144343867818 0.666679118091631 0.0959061452125719 0.0696014385739354
0.104680970770692 0.0534321116650605 0.660599671855208 0.100910319713186 0.080376925995853
0.0949832953985811 0.0519373344514102 0.664909688668823 0.10079662979675 0.0873730516844361
0.121016753257053 0.0667091142501159 0.674200383288724 0.0847982972415081 0.0532754519625997
0.108970848442 0.0608880417777025 0.66353114672407 0.0987867113718775 0.0678232516843502
0.0991859073770818 0.0567605475965831 0.671013675454674 0.0936369190281498 0.0794029505435117
0.111591195865076 0.058971231871433 0.667891516332209 0.0925014914656488 0.0690445644656329
0.115673734280422 0.0621417392606389 0.663654469785387 0.0937308344734365 0.0647992222001153
0.0933122613815531 0.050452308576272 0.678066989695468 0.106015620297824 0.0721528200488825
0.134635891890268 0.064906391511028 0.650477617320387 0.0875124848867161 0.0624676143916011
0.12047669248751 0.0614401613420727 0.65178713847 0.0959178622175368 0.0703781454828803
